umask 022 
	Value		  Folder       File
	022               755          644
	027               750          640
	002               775          664
	006               771          660
	007               770          660 

	default total permission
	1) folder: 777
	2) file: 666
	-------------EXAMPLE--------------
	666=0110 0110 0110

	1) umask=000   => 0000 0000 0000 NOT 1111 1111 1111 
	0110 0110 0110  
	1111 1111 1111  
	------------------------------  
	0110 0110 0110=666  

	2) umask=022   => 0000 0010 0010 NOT 1111 1101 1101    
	0110 0110 0110  
	1111 1101 1101  
	------------------------------  
	0110 0100 0100=644



